3481 3421
0 2658 416
0 65 804
2658 374 66
2658 2290 217
2658 1389 897
2658 2327 910
2658 2086 1038
2658 2514 1140
2658 2502 1149
2658 2217 1176
2658 3472 1214
2658 1258 1603
2658 2321 1690
65 1332 532
65 1629 1450
374 3429 151
374 3032 416
374 1641 532
374 439 804
374 2451 864
374 218 1149
374 2192 1199
374 3203 1461
374 37 1690
2290 1236 21
2290 1339 173
2290 1497 226
2290 1703 709
2290 1556 722
2290 2721 962
2290 2202 998
2290 1605 1054
2290 1583 1341
2290 2648 1769
2290 2468 1819
2290 872 1832
2290 2178 1955
1389 655 722
1389 3466 864
1389 1058 910
2327 2303 162
2327 1534 226
2327 2664 246
2327 1593 722
2327 2392 804
2327 1996 910
2327 1223 915
2327 2583 986
2327 1755 1038
2327 2505 1819
2327 909 1832
2327 867 1887
2327 2215 1955
2086 1499 709
2086 2151 804
2086 1942 1140
2086 1379 1341
2086 686 1603
2514 1460 21
2514 230 66
2514 2490 162
2514 1563 173
2514 1721 226
2514 2851 246
2514 618 313
2514 1675 598
2514 1780 722
2514 1410 915
2514 2770 986
2514 2426 998
2514 2872 1769
2514 2692 1819
2514 1096 1832
2514 1054 1887
2502 1448 21
2502 2478 162
2502 1551 173
2502 2839 246
2502 606 313
2502 2567 804
2502 1233 897
2502 2171 910
2502 2758 986
2502 1930 1038
2502 1102 1603
2502 1875 1718
2502 2680 1819
2502 1084 1832
2217 1163 21
2217 2193 162
2217 1266 173
2217 2554 246
2217 1630 709
2217 1483 722
2217 2282 804
2217 1886 910
2217 1113 915
2217 2473 986
2217 1510 1341
2217 817 1603
2217 2575 1769
2217 2395 1819
2217 799 1832
2217 757 1887
3472 2418 21
3472 2679 226
3472 2633 598
3472 2787 1054
3472 2054 1832
1258 204 21
1258 307 173
1258 2525 532
1258 671 709
1258 1323 804
1258 1114 1140
1258 551 1341
1258 2822 1450
1258 921 1690
2321 1370 173
2321 1734 709
2321 2386 804
2321 1990 910
2321 2577 986
2321 2177 1140
2321 1984 1690
2321 2499 1819
2321 903 1832
2321 861 1887
2321 2209 1955
1332 1308 162
1332 381 173
1332 1669 246
1332 493 598
1332 745 709
1332 1397 804
1332 3409 864
1332 1001 910
1332 1588 986
1332 3150 1199
1332 625 1341
1332 705 1718
1629 575 21
1629 1966 246
1629 1042 709
1629 922 1341
1629 1002 1718
1629 1987 1769
3429 3061 217
3429 2160 897
3429 3098 910
3429 2325 915
3429 3273 1149
3429 2988 1176
3429 3066 1587
3429 2029 1603
3429 3092 1690
3429 2802 1718
3429 1969 1887
3032 2405 1718
3032 1614 1832
3032 1572 1887
1641 587 21
1641 690 173
1641 848 226
1641 802 598
1641 907 722
1641 2425 734
1641 2072 962
1641 1553 998
1641 956 1054
1641 934 1341
1641 2308 1521
1641 1999 1769
1641 223 1832
1641 1529 1955
439 1706 532
439 2516 864
439 2257 1199
2451 167 66
2451 2427 162
2451 1500 173
2451 2788 246
2451 2120 910
2451 2707 986
2451 2809 1769
218 194 162
218 555 246
218 2295 864
218 649 962
218 576 1769
2192 1241 173
2192 1824 217
2192 923 897
2192 2448 986
2192 1620 1038
2192 2048 1140
2192 2036 1149
2192 1751 1176
2192 1485 1341
2192 1855 1690
2192 2080 1955
3203 919 66
3203 3268 804
3203 1934 897
3203 3459 986
3203 2631 1038
3203 3059 1140
3203 2866 1690
37 2695 416
1236 285 173
1236 397 598
1236 502 722
1236 2020 734
1236 529 1341
1236 1903 1521
1339 1315 162
1339 546 226
1339 1676 246
1339 1251 998
1339 1697 1769
1497 443 21
1497 1834 246
1497 2764 532
1497 910 709
1497 790 1341
1703 752 173
1703 1116 709
1703 2487 734
1703 2134 962
1703 1615 998
1703 1018 1054
1703 996 1341
1703 1540 1466
1556 605 173
1556 2823 532
1556 717 598
1556 969 709
1556 849 1341
1556 3120 1450
1556 929 1718
2721 1770 173
2721 2353 217
2721 1452 897
2721 2390 910
2721 2149 1038
2721 2565 1149
2721 2280 1176
2721 2358 1587
2721 1321 1603
2721 2384 1690
2721 2094 1718
2202 1148 21
2202 2267 804
2202 933 897
2202 2458 986
2202 2058 1140
2202 2046 1149
2202 1865 1690
2202 2380 1819
2202 784 1832
1605 654 173
1605 1237 217
1605 1670 804
1605 336 897
1605 1461 1140
1605 1449 1149
1605 898 1341
1605 3169 1450
1605 1268 1690
1605 187 1832
1605 1493 1955
1583 2367 734
2648 1809 598
2648 1914 722
2648 3432 734
2648 3079 962
2648 2485 1466
2648 3315 1521
2648 3006 1769
2648 2826 1819
2468 1414 21
2468 3252 734
2468 2899 962
2468 1783 1054
2468 2305 1466
2468 3135 1521
872 1656 734
872 2690 1199
872 165 1341
2178 1444 722
2178 2090 998
2178 2015 1466
2178 2845 1521
2178 2356 1819
2178 760 1832
655 1922 532
655 68 709
3466 2412 21
3466 3442 162
3466 216 167
3466 1570 313
3466 2627 598
3466 819 876
3466 2781 1054
3466 273 1372
3466 574 1829
3466 3354 1955
1058 324 722
1058 1489 962
1058 373 1054
2303 3172 45
2303 1935 217
2303 1716 709
2303 2368 804
2303 1034 897
2303 1972 910
2303 1731 1038
2303 2159 1140
2303 2147 1149
2303 1862 1176
2303 3117 1214
1534 947 709
1534 827 1341
1534 74 1887
2664 1713 173
2664 2296 217
2664 2729 804
2664 1395 897
2664 2333 910
2664 1560 915
2664 2092 1038
2664 2520 1140
2664 2508 1149
2664 2223 1176
2664 3478 1214
2664 1264 1603
2664 2037 1718
2664 2842 1819
2664 1246 1832
1593 2462 45
1593 1225 217
1593 2860 532
1593 1006 709
1593 1658 804
1593 1262 910
1593 1437 1149
1593 1152 1176
1593 2407 1214
1593 886 1341
1593 3157 1450
1593 1256 1690
1593 966 1718
1593 1481 1955
2392 108 66
2392 1441 173
2392 2457 804
2392 2061 910
2392 2750 1769
1996 942 21
1996 1409 709
1996 2780 734
1996 1908 998
1996 1311 1054
1996 1833 1466
1996 2354 1769
1223 169 21
1223 430 226
1223 489 722
1223 2007 734
1223 1654 962
1223 1135 998
1223 538 1054
1223 1890 1521
1223 1581 1769
2583 2559 162
2583 1632 173
2583 1790 226
2583 2920 246
2583 1744 598
2583 1849 722
2583 1898 1054
2583 2941 1769
2583 2761 1819
2583 1165 1832
2583 2471 1955
1755 804 173
1755 1168 709
1755 1021 722
1755 2539 734
1755 1048 1341
1755 1933 1819
1755 337 1832
2505 1451 21
2505 2481 162
2505 1712 226
2505 609 313
2505 2570 804
2505 2174 910
909 885 162
909 322 709
909 2986 864
909 578 910
909 2727 1199
909 202 1341
2215 2191 162
2215 1422 226
2215 2552 246
2215 1376 598
2215 1884 910
2215 2573 1769
1499 1475 162
1499 548 173
1499 1836 246
1499 2766 532
1499 660 598
1499 912 709
1499 792 1341
2151 2127 162
2151 1358 226
2151 2488 246
2151 1417 722
2151 2216 804
1942 991 173
1942 2726 734
1942 2373 962
1942 1854 998
1942 1257 1054
1942 1779 1466
1379 428 173
1379 2646 532
1379 3456 864
1379 3197 1199
1379 672 1341
1379 2943 1450
686 3344 416
686 99 709
686 2504 1199
1460 406 21
1460 1436 162
1460 509 173
1460 667 226
1460 873 709
1460 726 722
1460 2244 734
1460 1372 998
1460 753 1341
1460 1818 1769
230 661 962
230 588 1769
2490 3359 45
2490 1539 173
2490 2555 804
2490 2746 986
2490 1918 1038
2490 2346 1140
2490 2334 1149
2490 2153 1690
2490 1863 1718
2490 2668 1819
2490 1072 1832
2490 1030 1887
1563 724 598
1563 103 1887
2851 2012 598
2851 1582 897
2851 3107 986
2851 2279 1038
2851 2224 1718
2851 3029 1819
2851 1433 1832
2851 1391 1887
2851 2739 1955
618 955 246
618 683 804
618 874 986
1675 621 21
1675 1344 910
1675 275 1603
1410 823 709
1410 676 722
1410 2194 734
1410 3228 1199
1410 703 1341
2770 1977 226
2770 2085 1054
2770 2607 1466
2426 3295 45
2426 2491 804
2426 1157 897
2426 2095 910
2426 2682 986
2426 2270 1149
2426 1985 1176
2426 2063 1587
2426 1026 1603
2426 2089 1690
2872 2848 162
2872 2079 226
2872 3209 246
2872 2033 598
2872 2138 722
2872 3230 1769
2692 1741 173
2692 1899 226
2692 1853 598
2692 45 876
2692 3050 1769
2692 2870 1819
2692 1232 1887
2692 2580 1955
1096 3173 864
1096 389 1341
1054 369 1054
1054 347 1341
1054 891 1466
1054 1412 1769
1448 1424 162
1448 1785 246
1448 714 722
1448 1513 804
1448 1117 910
1448 1360 998
1448 48 1603
1448 1806 1769
2478 2110 217
2478 2543 804
2478 1374 915
2478 1906 1038
2478 2322 1149
2478 3292 1214
2478 2115 1587
2478 2141 1690
2478 1851 1718
2478 2656 1819
1551 600 173
1551 2818 532
1551 712 598
1551 964 709
1551 1220 910
1551 1807 986
1551 844 1341
1551 3115 1450
2839 1888 173
2839 2904 804
2839 3095 986
2839 2683 1149
2839 2398 1176
2839 2476 1587
2839 1439 1603
2839 2212 1718
606 3264 416
606 1873 532
606 19 709
606 862 986
606 462 1140
606 450 1149
606 2424 1199
606 3435 1461
606 269 1690
2567 283 66
2567 1616 173
2567 1774 226
2567 2632 804
2567 2236 910
2567 1463 915
2567 2479 998
2567 1167 1603
2567 1940 1718
2567 2925 1769
2567 2745 1819
2567 1149 1832
2567 1107 1887
2567 2455 1955
1233 646 709
1233 499 722
1233 2017 734
1233 3051 1199
1233 1900 1521
2171 1584 709
2171 1486 1054
2171 1464 1341
2171 2008 1466
2171 2838 1521
2171 2529 1769
2171 2349 1819
2171 2059 1955
2758 2734 162
2758 111 876
2758 2073 1054
2758 3116 1769
2758 2936 1819
2758 1340 1832
1930 876 21
1930 1137 226
1930 1196 722
1930 2714 734
1930 2361 962
1930 1842 998
1930 2288 1769
1102 368 722
1875 1082 226
1875 1036 598
1875 1288 709
1875 1141 722
1875 2659 734
1875 2306 962
1875 1190 1054
1875 2542 1521
1875 2233 1769
1875 2053 1819
1875 457 1832
2680 1626 21
2680 3017 246
2680 1841 598
2680 1411 897
2680 2108 1038
2680 1280 1603
1084 2351 532
1084 497 709
1084 3161 864
1084 2902 1199
1084 377 1341
2193 3062 45
2193 1606 709
2193 2258 804
2193 924 897
2193 2449 986
2193 1621 1038
2193 2049 1140
2193 1752 1176
2193 3007 1214
2193 793 1603
2193 1856 1690
1266 1242 162
1266 473 226
1266 532 722
1266 1331 804
1266 935 910
1266 1522 986
1266 694 1038
1266 639 1718
2554 270 66
2554 1603 173
2554 2619 804
2554 1285 897
2554 2810 986
2554 1982 1038
2554 2410 1140
2554 1927 1718
2554 2732 1819
2554 1136 1832
2554 1094 1887
1630 679 173
1630 837 226
1630 1967 246
1630 1043 709
1630 896 722
1630 1542 998
1630 212 1832
1630 170 1887
1483 1548 804
1483 214 897
1483 1327 1149
2282 1228 21
2282 2640 1769
1886 1093 226
1886 1047 598
1886 2670 734
1886 2317 962
1886 1179 1341
1886 1723 1466
1886 2553 1521
1886 2064 1819
1886 468 1832
1113 526 709
1113 1897 734
2473 1634 598
2473 1739 722
2473 2385 998
2473 1788 1054
2473 2310 1466
2473 3140 1521
2473 2831 1769
2473 2651 1819
2473 1055 1832
1510 1868 1769
817 83 722
817 1248 962
817 132 1054
817 1484 1521
817 1175 1769
2575 1521 21
2575 291 66
2575 2551 162
2575 1624 173
2575 1782 226
2575 2912 246
2575 1471 915
2575 2753 1819
2575 1115 1887
2575 2463 1955
2395 1341 21
2395 2371 162
2395 1602 226
2395 1661 722
2395 2460 804
2395 995 1603
2395 1768 1718
799 775 162
799 864 804
799 711 998
2418 1467 173
2418 1625 226
2418 1684 722
2418 2330 998
2418 1733 1054
2418 2255 1466
2418 3085 1521
2679 2655 162
2679 1728 173
2679 3016 246
2679 783 313
2679 1840 598
2679 2744 804
2679 2348 910
2679 2107 1038
2679 1279 1603
2679 2052 1718
2679 2857 1819
2633 1579 21
2633 2609 162
2633 1682 173
2633 2970 246
2633 1794 598
2633 2545 998
2633 1948 1054
2633 2991 1769
2633 2811 1819
2633 1173 1887
2633 2521 1955
2787 503 66
2787 2852 804
2787 140 876
2787 1518 897
2787 2456 910
2787 1683 915
2787 2643 1140
2787 1387 1603
2787 2450 1690
2787 2965 1819
2787 1369 1832
2787 2675 1955
2054 1000 21
2054 1103 173
2054 1261 226
2054 1320 722
2054 1347 1341
2054 1891 1466
2054 2232 1819
2054 636 1832
204 180 162
204 541 246
204 2281 864
307 2125 1199
307 1871 1450
307 3136 1461
2525 1732 226
2525 629 313
2525 1686 598
2525 1791 722
2525 2437 998
2525 2362 1466
2525 3192 1521
2525 2883 1769
2525 2703 1819
2525 2413 1955
671 3329 416
671 1938 532
671 84 709
671 2489 1199
1323 2590 532
1323 3400 864
1323 54 897
1323 751 1038
1114 527 709
1114 380 722
1114 407 1341
551 616 804
551 2628 864
551 807 986
551 395 1149
551 2369 1199
551 3380 1461
2822 926 313
2822 1983 598
2822 2137 1054
2822 3180 1769
921 2998 864
921 833 998
1370 419 173
1370 2637 532
1370 663 1341
1370 2934 1450
1370 743 1718
1734 680 21
1734 3001 532
2386 2723 246
2386 1547 598
2386 1652 722
2386 2055 910
2386 1282 915
2386 2642 986
2386 1814 1038
2386 2564 1819
2386 968 1832
1990 1197 226
1990 1403 709
1990 2421 962
1990 1902 998
1990 1283 1341
2577 1523 21
2577 1784 226
2577 2914 246
2577 1843 722
2577 2935 1769
2177 1338 598
2177 1590 709
2177 2608 962
2177 1492 1054
2177 1470 1341
2177 2014 1466
2177 2844 1521
2177 759 1832
1984 930 21
1984 1960 162
1984 1033 173
1984 1191 226
1984 1145 598
1984 1250 722
1984 880 915
1984 2240 986
1984 1896 998
1984 1277 1341
1984 2342 1769
1984 2162 1819
1984 566 1832
2499 215 66
2499 2836 246
2499 2168 910
2499 2755 986
2499 2343 1149
2499 1099 1603
903 316 709
903 2980 864
903 747 1149
2209 2185 162
2209 1416 226
2209 2546 246
2209 2274 804
2209 1637 1038
2209 2387 1819
2209 791 1832
2209 749 1887
1308 940 217
1308 1373 804
1308 39 897
1308 977 910
1308 736 1038
1308 1164 1140
1308 2122 1214
1308 971 1690
381 357 162
381 718 246
1669 400 897
1669 1925 986
1669 1525 1140
1669 962 1341
1669 209 1887
493 2057 1450
745 3403 416
745 158 709
745 2563 1199
745 38 1341
3409 3385 162
3409 159 167
3409 2616 226
3409 762 876
3409 2724 1054
3409 517 1829
3409 3297 1955
1001 294 1341
1001 1668 1521
1588 637 173
1588 2372 734
1588 881 1341
3150 866 66
3150 2311 598
3150 2819 910
3150 2523 1718
3150 3328 1819
3150 1690 1887
3150 3038 1955
625 601 162
625 983 1769
705 617 998
575 3233 416
575 487 998
575 2393 1199
575 3404 1461
1966 1015 173
1966 1127 598
1966 2031 804
1966 697 897
1966 2222 986
1966 1394 1038
1966 1822 1140
1966 1259 1341
1966 2144 1819
1042 455 709
1042 308 722
1042 954 998
1042 335 1341
1042 1400 1769
922 2999 864
922 2740 1199
1987 1963 162
1987 1194 226
1987 2324 246
1987 1253 722
1987 1302 1054
1987 2345 1769
3061 3239 1819
3061 1643 1832
2160 1106 21
2160 2136 162
2160 1209 173
2160 2497 246
2160 1573 709
2160 1426 722
2160 2416 986
2160 1453 1341
2160 1533 1718
2160 2518 1769
2160 742 1832
2160 700 1887
3098 2044 21
3098 814 66
3098 3074 162
3098 1202 313
3098 3163 804
3098 1994 915
3098 1698 1603
3098 3276 1819
3098 1680 1832
2325 2301 162
2325 2662 246
2325 1056 897
2325 1221 915
2325 2581 986
2325 1753 1038
2325 2503 1819
2325 865 1887
2325 2213 1955
3273 989 66
3273 2942 910
3273 3451 1819
3273 1813 1887
2988 2964 162
2988 3325 246
2988 2254 722
2988 341 876
2988 3244 986
2988 3166 1819
2988 96 1829
2988 1528 1887
2988 2876 1955
3066 1170 313
3066 2227 598
3066 174 1829
3066 1648 1832
2029 975 21
2029 1442 709
2029 2285 986
3092 2038 21
3092 3068 162
3092 2253 598
3092 1823 897
3092 1988 915
3092 1692 1603
3092 2465 1718
3092 3270 1819
3092 200 1829
3092 1674 1832
2802 518 66
2802 906 313
2802 2867 804
2802 3058 986
1969 915 21
1969 1130 598
1969 1382 709
1969 2034 804
1969 2225 986
1969 569 1603
1969 1342 1718
2405 2381 162
2405 1454 173
2405 1612 226
2405 2742 246
2405 1566 598
2405 1671 722
2405 1720 1054
2405 3072 1521
2405 2763 1769
2405 2293 1955
1614 560 21
1614 1951 246
1614 2881 532
1614 1679 804
1614 1870 986
1614 1458 1149
1614 3178 1450
1572 779 226
1572 985 709
1572 887 1054
1572 112 1887
587 1371 734
587 424 1466
587 1254 1521
848 261 709
848 2666 1199
848 141 1341
802 778 162
802 1139 246
802 1160 1769
907 1244 246
907 320 709
907 2984 864
907 2725 1199
2425 3294 45
2425 1156 897
2425 2269 1149
2425 2088 1690
1553 602 173
1553 2820 532
1553 846 1341
956 2774 1199
956 249 1341
2308 3177 45
2308 1039 897
2308 2164 1140
2308 2152 1149
2308 1867 1176
2308 908 1603
2308 1971 1690
1999 1206 226
1999 1265 722
1999 2783 734
1999 2430 962
1999 1911 998
1999 1314 1054
1999 1292 1341
1999 2357 1769
1999 581 1832
223 3278 151
223 199 162
223 2041 1199
223 3052 1461
1529 2313 734
1529 822 1341
1529 2196 1521
1706 755 173
1706 1543 1466
1706 288 1832
2516 1462 21
2516 232 66
2516 2492 162
2516 1565 173
2516 2853 246
2516 1677 598
2516 2428 998
2516 1831 1054
2516 2874 1769
2516 2694 1819
2516 1098 1832
2516 2404 1955
2257 3126 45
2257 988 897
2257 1153 915
2257 2513 986
2257 2113 1140
2257 2101 1149
2257 1550 1341
2257 1920 1690
2257 2435 1819
2257 839 1832
167 598 962
167 4 1466
2427 3296 45
2427 143 66
2427 1158 897
2427 2096 910
2427 2283 1140
2427 2271 1149
2427 1986 1176
2427 3241 1214
2427 1027 1603
1500 1476 162
1500 1837 246
1500 2767 532
1500 1169 910
2788 1519 897
2788 2644 1140
2788 1388 1603
2788 2161 1718
2788 2966 1819
2788 1328 1887
2788 2676 1955
2120 2032 998
2120 1435 1054
2707 1756 173
2707 3138 962
2707 3374 1521
2707 3065 1769
2707 2885 1819
2809 1858 173
2809 3146 246
2809 913 313
2809 1705 915
2809 2182 1718
2809 2987 1819
2809 1349 1887
194 259 804
194 3023 1461
555 531 162
555 892 246
555 3213 416
555 620 804
555 811 986
555 3384 1461
2295 1456 598
2295 1708 709
2295 1610 1054
2295 2653 1769
2295 877 1832
649 3307 416
649 62 709
576 552 162
576 3234 416
576 1007 962
576 488 998
576 2394 1199
576 1243 1521
1241 669 1038
1241 800 1176
1241 904 1690
923 3000 864
923 238 1054
923 2741 1199
923 1281 1769
2448 164 66
2448 2785 246
2448 1714 722
2448 2117 910
2448 2704 986
2448 2360 998
2448 2806 1769
1620 1596 162
1620 1957 246
1620 781 598
1620 1685 804
1620 351 897
2048 994 21
2048 2024 162
2048 1255 226
2048 2715 1521
2048 2406 1769
2036 1085 173
2036 2292 986
2036 1329 1341
2036 2214 1819
1751 1017 722
1485 2752 532
1855 1062 226
1855 586 897
1855 1524 910
1855 2111 986
1855 437 1832
919 332 709
919 2996 864
919 2737 1199
3268 984 66
3268 2937 910
3268 2641 1718
3268 3446 1819
3268 1850 1832
1934 1200 722
1934 2718 734
1934 2365 962
1934 1249 1054
1934 1227 1341
1934 2112 1819
1934 516 1832
3459 2620 598
3459 812 876
3459 2355 915
3459 567 1829
2631 1577 21
2631 1838 226
2631 2968 246
2631 1792 598
2631 2696 804
2631 2887 986
2631 1231 1603
2631 2989 1769
3059 2220 598
3059 3237 1819
2866 1812 21
2866 1915 173
2866 970 313
2866 2027 598
2866 2132 722
2866 2931 804
2866 219 876
2866 2535 910
2866 1466 1603
2866 3224 1769
2866 3044 1819
2695 2671 162
2695 3053 1769
285 1069 734
397 734 246
397 309 998
502 3160 416
502 2579 864
502 2320 1199
502 3331 1461
2020 2889 45
2020 3287 532
2020 916 915
2020 1876 1140
2020 1864 1149
2020 1313 1341
2020 1393 1718
2020 2198 1819
529 2347 1199
529 3358 1461
1903 952 173
1903 1316 709
1903 1968 804
1903 634 897
1903 1759 1140
1903 1747 1149
1903 3467 1450
1903 2081 1819
1903 485 1832
1315 364 173
1315 2582 532
1315 476 598
1315 728 709
1315 3392 864
1315 46 897
1315 1571 986
1315 1159 1149
1315 608 1341
1315 978 1690
546 1415 45
546 3204 416
546 611 804
546 402 1140
546 390 1149
546 2364 1199
546 3375 1461
1676 725 173
1676 2013 246
1676 1345 910
1676 276 1603
1676 258 1832
1676 1564 1955
1251 300 173
1251 883 217
1251 664 709
1251 810 1176
1251 3069 1199
1251 544 1341
1251 2815 1450
1251 914 1690
1251 624 1718
1697 1673 162
1697 746 173
1697 1110 709
1697 963 722
1697 2128 962
1697 1012 1054
1697 990 1341
1697 279 1832
1697 1585 1955
443 3101 416
443 2261 1199
443 3272 1461
1834 565 897
1834 1503 910
1834 1678 1149
1834 3398 1450
1834 1207 1718
2764 1710 21
2764 2030 722
2764 3431 1521
910 1247 246
910 579 910
790 855 804
752 3410 416
752 1419 1521
1116 382 722
1116 409 1341
2487 3356 45
2487 2119 217
2487 1218 897
2487 2156 910
2487 1383 915
2487 2743 986
2487 2331 1149
2487 1087 1603
2487 2150 1690
2487 1860 1718
2487 2665 1819
2487 2375 1955
2134 3003 45
2134 2199 804
2134 1562 1038
2134 1978 1149
2134 1693 1176
2134 1427 1341
2134 1797 1690
1615 561 21
1615 1952 246
1615 2882 532
1615 776 598
1615 1028 709
1615 346 897
1615 3179 1450
1615 197 1832
1018 1887 45
1018 431 709
1018 687 910
1018 311 1341
996 2814 1199
996 289 1341
996 1663 1521
1540 3104 1450
1540 80 1887
1540 1428 1955
605 1474 45
605 3263 416
605 1872 532
605 18 709
605 670 804
605 461 1140
605 449 1149
605 2423 1199
605 3434 1461
605 268 1690
2823 1769 21
717 2794 864
717 973 986
969 2533 1450
3120 2957 1466
3120 3298 1819
3120 228 1829
3120 1702 1832
929 342 709
929 2747 1199
929 222 1341
1770 3037 532
1770 1183 709
1770 1835 804
1770 666 915
1770 1063 1341
1770 3334 1450
1770 1143 1718
2353 1514 598
2353 1766 709
2353 1619 722
2353 3137 734
2353 2784 962
2353 2190 1466
2353 3020 1521
2353 2531 1819
1452 398 21
1452 1789 246
2390 106 66
2390 2366 162
2390 1597 226
2390 1286 915
2390 2302 998
2390 1763 1718
2390 2748 1769
2390 2568 1819
2390 972 1832
2149 2486 246
2565 281 66
2565 2541 162
2565 1772 226
2565 2630 804
2565 2821 986
2565 1993 1038
2565 2923 1769
2280 2256 162
2280 1487 226
2280 2617 246
2280 1546 722
2280 2638 1769
2280 820 1887
2358 1407 173
2358 2789 962
2358 2195 1466
2358 2536 1819
1321 482 598
1321 52 897
2384 1330 21
2384 1545 598
2384 2562 1819
2094 2350 986
1148 1213 804
2267 2332 804
2267 998 897
2267 1936 910
2267 1695 1038
2267 1640 1718
933 1717 734
933 2751 1199
933 226 1341
2458 1404 21
2458 2434 162
2458 1507 173
2458 1665 226
2458 2795 246
2458 1724 722
2458 1354 915
2458 2370 998
2458 1773 1054
2458 2816 1769
2458 2636 1819
2058 1324 722
2058 1970 998
2058 1351 1341
2058 1895 1466
2058 640 1832
2046 992 21
2046 2022 162
2046 2383 246
2046 1312 722
2046 1361 1054
1865 1278 709
1865 2121 986
1865 1777 998
1865 1238 1718
2380 1326 21
2380 1429 173
2380 2445 804
2380 1808 1038
2380 980 1603
2380 2043 1690
2380 2558 1819
2380 2268 1955
784 2861 864
784 1040 986
784 628 1149
784 2602 1199
784 77 1341
784 447 1690
654 1921 532
654 2731 864
1237 286 173
1237 2021 734
1237 3055 1199
1237 530 1341
1237 1904 1521
1670 1735 804
1670 401 897
1670 1926 986
1670 1526 1140
1670 1333 1690
1670 210 1887
1670 1558 1955
1461 510 173
1461 668 226
1461 1798 246
1461 727 722
1461 2245 734
1461 1892 962
1461 754 1341
1461 1819 1769
1449 1425 162
1449 498 173
1449 1786 246
1449 1118 910
1449 49 1603
898 2165 532
898 1154 986
898 191 1341
1268 534 722
1268 937 910
1268 1180 998
1268 641 1718
187 252 804
187 43 1140
187 31 1149
1493 542 173
1493 1337 1149
1493 93 1603
2367 3236 45
2367 2432 804
2367 2623 986
2367 1795 1038
2367 2211 1149
2367 967 1603
1809 1222 709
1809 1075 722
1809 391 1832
1809 349 1887
1914 1121 226
1914 2251 246
1914 1979 804
1914 496 1832
1914 454 1887
3432 3064 217
3432 1536 313
3432 2163 897
3432 2328 915
3432 3320 1955
3079 432 876
3079 1975 915
3079 3335 986
3079 2507 1038
3079 2452 1718
3079 3257 1819
3079 2967 1955
2485 2550 804
2485 1216 897
2485 2154 910
2485 1913 1038
2485 2341 1140
2485 2329 1149
2485 2148 1690
3315 2688 1718
3315 423 1829
3006 2272 722
2826 3004 1819
1414 463 173
1414 3232 1199
1414 707 1341
3252 3317 804
3252 2921 910
3252 3096 1149
3252 1852 1603
3252 2625 1718
3252 3430 1819
1783 832 173
1783 1961 1819
1783 365 1832
1783 323 1887
2305 3174 45
2305 21 66
2305 1937 217
2305 1718 709
2305 1974 910
2305 1201 915
2305 3119 1214
2305 2483 1819
2305 845 1887
3135 2772 1587
3135 3313 1819
1656 387 897
1656 1512 1140
1656 1215 1176
1656 2470 1214
1656 949 1341
1656 256 1603
1656 1319 1690
1656 196 1887
2690 3027 246
2690 2946 986
2690 1290 1603
2690 3048 1769
165 3220 151
165 596 962
165 2994 1461
165 2 1466
165 523 1769
1444 1420 162
1444 1781 246
1444 2711 532
1444 1509 804
1444 1700 986
1444 44 1603
1444 1802 1769
2090 2155 804
2090 821 897
2015 2884 45
2015 1064 173
2015 1647 217
2015 3282 532
2015 1443 1038
2015 1859 1149
2845 2477 217
2845 2910 804
2845 1576 897
2845 2273 1038
2845 2701 1140
2845 2689 1149
2845 1445 1603
760 3418 416
760 173 709
760 2578 1199
760 53 1341
1922 2259 246
1922 1335 709
1922 1591 910
1922 818 915
1922 2100 1819
2412 2843 962
2412 2249 1466
3442 192 167
3442 795 876
3442 2173 897
3442 3111 910
3442 2338 915
3442 3105 1690
3442 550 1829
216 3271 151
216 553 246
216 3045 1461
1570 863 1341
2627 343 66
2627 2603 162
2627 2000 1718
2627 2985 1769
2627 2805 1819
819 3477 416
819 85 722
819 134 1054
819 656 1466
819 1177 1769
2781 1830 173
273 2091 1199
273 3102 1461
574 911 246
574 486 998
574 932 1769
3354 2515 598
1489 2756 532
1489 902 709
1489 1554 804
1489 1745 986
1489 782 1341
1489 89 1603
373 3428 151
373 3031 416
373 438 804
373 229 1140
373 217 1149
373 3202 1461
373 36 1690
3172 3350 1819
3172 280 1829
3172 3060 1955
1935 1847 998
2368 2433 804
2368 2624 986
2368 1796 1038
2368 3182 1214
1034 1010 162
1972 918 21
1972 2309 246
1972 572 1603
1731 677 21
1731 780 173
1731 1144 709
1731 1024 1341
1731 1909 1819
1731 313 1832
1731 271 1887
2159 2135 162
2159 1366 226
2159 2496 246
2159 2415 986
2159 2071 998
2159 2517 1769
2147 878 897
2147 1816 910
2147 2403 986
2147 1575 1038
2147 1440 1341
1862 808 21
1862 1275 709
1862 1531 910
1862 758 915
1862 2118 986
1862 1155 1341
1862 1235 1718
1862 2040 1819
1862 1750 1955
3117 2278 598
3117 2954 1466
3117 3475 1769
827 240 709
827 255 1038
827 120 1341
827 2391 1450
74 1638 1450
74 2903 1461
1713 1126 709
1713 1778 804
1713 1557 1149
2296 1457 598
2296 2208 998
2296 1611 1054
2296 2133 1466
2296 2654 1769
2296 2474 1819
2729 82 876
2729 2157 1038
2729 2585 1140
2729 2102 1718
2729 2907 1819
2729 1269 1887
1395 556 598
1395 688 1341
2333 2589 986
2333 2691 1769
1560 721 598
1560 826 722
1560 853 1341
1560 3124 1450
2092 1520 1038
2520 1727 226
2520 2951 962
2520 3187 1521
2520 2878 1769
2508 224 66
2508 2484 162
2508 1715 226
2508 612 313
2508 2420 998
2508 1108 1603
2508 1881 1718
2508 2686 1819
2508 1090 1832
2223 1430 226
2223 2560 246
2223 1538 1054
3478 2685 226
3478 2793 1054
1264 1240 162
1264 3341 864
1264 692 1038
2037 1086 173
2037 2374 246
2037 1198 598
2037 1450 709
2037 1949 998
2842 558 66
2842 946 313
2842 2511 910
2842 2698 1140
2842 2401 1176
1246 1502 986
1246 805 1176
1246 2060 1214
2462 2438 162
2462 2799 246
2462 1623 598
2462 3246 734
2462 2893 962
1225 171 21
1225 274 173
1225 386 598
1225 638 709
1225 491 722
1225 2009 734
1225 540 1054
2860 2067 226
2860 2126 722
1006 1071 804
1006 675 910
1006 434 1038
1658 2527 45
1658 1217 1176
1658 2472 1214
1658 198 1887
1262 1599 246
1437 383 21
1437 1293 1140
1152 3229 864
2407 1568 598
2407 2319 998
2407 1722 1054
2407 2765 1769
886 299 709
886 951 804
886 314 1038
886 179 1341
886 549 1690
3157 2318 598
3157 2530 1718
1256 305 173
1256 1100 1149
966 379 709
966 3043 864
1481 1325 1149
1481 854 1718
1441 2708 532
1441 1506 804
1441 172 897
1441 41 1603
2457 1664 226
2457 1618 598
2457 1353 915
2457 2635 1819
2061 1973 998
2750 3087 246
2750 1646 915
2750 3108 1769
2750 2928 1819
942 1726 734
942 2760 1199
942 235 1341
1409 458 173
1409 570 598
1409 3227 1199
1409 702 1341
2780 1829 173
2780 2417 1587
1908 957 173
1908 1336 1038
1908 490 1832
1908 448 1887
1311 2180 45
1311 360 173
1311 943 217
1311 42 897
1311 604 1341
1311 974 1690
1833 2702 45
1833 564 897
1833 1689 1140
1833 2647 1214
1833 3397 1450
1833 1496 1690
1833 2011 1819
2354 1515 598
2354 1767 709
2354 3021 1521
2354 2712 1769
2354 2532 1819
2354 936 1832
169 6 1466
430 3088 416
489 2307 1199
2007 1639 217
2007 3274 532
2007 1300 1341
2007 1644 1587
2007 607 1603
1654 1067 709
1654 1719 804
1654 1498 1149
1654 1317 1690
1135 2402 532
1135 2699 1450
538 603 804
538 794 986
538 394 1140
538 97 1176
538 1352 1214
538 201 1690
1890 2759 45
1890 1303 709
1890 1955 804
1890 1559 910
1890 1746 1140
1890 3454 1450
1581 630 173
2559 1608 173
2559 2228 910
2559 1455 915
2559 1932 1718
1632 681 173
1632 1045 709
1632 925 1341
1790 1203 709
1790 372 1832
1744 905 598
1744 1413 910
1744 1037 1341
1744 284 1887
1849 2105 986
1849 1142 1341
1849 3413 1450
1849 1737 1955
1898 1754 1140
1898 1742 1149
2761 1707 21
2761 114 876
2761 2076 1054
2761 2939 1819
2761 1343 1832
1165 2983 1199
2471 3255 734
2471 2649 1819
2471 1053 1832
804 3462 416
804 1060 986
804 2622 1199
804 1162 1769
1021 684 1690
2539 2604 804
2539 1270 897
2539 2098 1176
2539 3353 1214
2539 2176 1587
2539 1912 1718
2539 2717 1819
2539 1079 1887
1048 1479 962
1048 960 998
1048 363 1054
1933 982 173
1933 1140 226
1933 1346 709
1933 1199 722
1933 1226 1341
1933 2291 1769
1933 515 1832
1933 1821 1955
337 2414 864
337 1004 1521
1451 1516 804
1451 51 1603
2481 1212 897
2481 2337 1140
1712 1125 709
1712 1381 910
1712 1005 1341
1712 312 1603
609 3267 416
609 22 709
609 465 1140
609 453 1149
2174 1120 21
2174 1587 709
2174 2605 962
2174 2841 1521
885 298 709
885 950 804
885 554 910
885 741 1140
885 178 1341
322 2399 864
2986 2252 722
2986 3242 986
2986 2359 1718
2986 3164 1819
578 1009 962
578 2396 1199
578 3407 1461
578 415 1466
2727 2792 804
2727 2571 1149
2727 2286 1176
2727 1267 1887
202 539 246
2191 1604 709
2191 2447 986
2191 2047 1140
2191 2035 1149
2191 3005 1214
2191 1828 1587
1422 1091 910
1422 981 1176
2552 3421 45
2552 1601 173
2552 2221 910
2552 2808 986
2552 1980 1038
2552 2408 1140
2552 2730 1819
2552 1134 1832
2552 1092 1887
1376 425 173
1376 537 598
1376 789 709
1376 3453 864
1376 2940 1450
1884 2315 962
1884 466 1832
2573 2549 162
2573 1622 173
2573 1469 915
1475 888 709
1475 206 897
1475 768 1341
1475 1138 1690
548 613 804
548 404 1140
548 392 1149
548 211 1690
1836 2705 45
1836 1468 217
1836 3103 532
1836 1901 804
1836 1505 910
1836 2650 1214
1836 436 1603
2766 1815 173
2766 3433 1521
2766 2944 1819
660 3318 416
660 73 709
792 1129 246
792 857 804
792 220 1038
1358 771 709
1358 651 1341
1358 2922 1450
2488 3357 45
2488 592 313
2488 1219 897
2488 1916 1038
2488 2344 1140
2488 1088 1603
2488 1861 1718
1417 1049 217
1417 2684 532
1417 830 709
1417 1482 804
1417 1273 1140
1417 2231 1214
1417 710 1341
1417 2981 1450
1417 17 1603
1417 1080 1690
2216 1377 598
2216 1885 910
2216 1112 915
2216 816 1603
2216 1589 1718
2216 2574 1769
2216 756 1887
2726 1775 173
2726 79 876
2726 2389 1690
2726 2099 1718
2373 2005 217
2373 2042 910
2373 2629 986
2373 1801 1038
2373 2229 1140
1854 1919 804
1854 585 897
1257 306 173
1257 1322 804
1257 685 1038
1257 1101 1149
1779 828 173
1779 1192 709
428 3086 416
2646 1592 21
2646 3077 962
3456 2663 226
3456 809 876
3456 3125 910
3456 2352 915
3456 2056 1603
3197 2829 217
3197 1301 313
3197 3262 804
3197 2093 915
2943 1992 173
2943 2104 598
2943 3121 1819
2504 2480 162
2504 1711 226
2504 2569 804
2504 1877 1718
406 3235 1461
406 1073 1521
406 764 1769
1436 1501 804
1436 1105 910
1436 729 1341
509 2586 864
509 3338 1461
873 1657 734
873 166 1341
726 139 709
726 2803 864
1372 421 173
1372 2639 532
1372 785 709
1372 3449 864
1372 3190 1199
1372 665 1341
1818 979 598
1818 1111 1341
661 3319 416
661 1928 532
661 2738 864
588 1019 962
588 500 998
588 3417 1461
2555 2411 1140
2555 2218 1690
2746 2722 162
2746 3083 246
2746 850 313
2746 1907 598
2746 3002 986
2746 2924 1819
2746 2634 1955
1918 1894 162
1918 1184 722
1918 1211 1341
1918 2276 1769
2346 3130 734
2346 2777 962
2346 2524 1819
2346 2234 1955
2334 1600 722
2334 2512 1819
2153 2129 162
2153 2409 986
2153 2065 998
1863 1839 162
1863 2200 246
1863 1276 709
1863 1532 910
2668 2300 217
2668 2733 804
2668 2846 1819
1072 445 1718
1030 296 722
1030 1095 804
1030 699 910
724 3382 416
724 1991 532
724 137 709
724 2801 864
2012 2077 804
2012 1681 910
2012 1649 1587
1582 631 173
1582 875 1341
3107 3444 246
3107 460 876
3107 2003 915
2279 2167 1955
2224 1431 226
2224 2561 246
2224 1490 722
2224 2891 1521
3029 3207 1819
3029 1569 1887
1433 2700 532
1433 1289 1140
1433 33 1603
1391 3468 864
2739 843 313
2739 2804 804
955 248 1341
955 2519 1450
683 748 804
683 939 986
683 2501 1199
621 597 162
621 958 246
1344 393 173
1344 505 598
1344 659 1054
275 3330 151
823 735 998
823 138 1054
823 116 1341
2194 1826 217
2194 1607 709
2194 2050 1140
2194 3008 1214
2194 1857 1690
2194 1567 1718
2194 2082 1955
3228 2494 722
703 615 998
703 1061 1769
1977 1953 162
1977 2314 246
1977 1390 709
1977 1889 998
1977 577 1603
1977 2335 1769
1977 559 1832
2085 1941 1140
2085 1378 1341
2085 1748 1690
2085 2263 1819
2607 2672 804
2607 2863 986
2607 2166 1176
2607 1189 1832
3295 3473 1819
2491 2556 804
2491 2669 1819
2491 1031 1887
2491 2379 1955
1157 2975 1199
2095 1508 709
2095 1764 910
2095 695 1603
2095 635 1887
2682 1628 21
2682 3019 246
2682 786 313
2682 2938 986
2270 2526 986
2270 870 1603
1985 1398 709
2063 1224 598
2063 1356 1341
2063 2241 1819
2063 645 1832
1026 1363 246
2089 1758 910
2089 689 1603
2848 2913 804
2848 3026 1819
2848 2736 1955
2079 619 1887
3209 3387 1819
3209 1749 1887
3209 3097 1955
2033 2289 986
2138 1187 173
2138 2203 804
2138 2316 1819
2138 720 1832
2138 678 1887
2138 2026 1955
3230 3206 162
3230 1334 313
3230 583 876
3230 338 1829
3230 3118 1955
1899 948 173
1899 1964 804
1899 1743 1149
1899 3463 1450
1899 1787 1955
1853 1014 598
1853 584 897
1853 435 1832
45 829 734
3050 766 66
1232 2016 734
2580 1846 722
2580 3011 962
3173 2439 722
3173 3351 1819
369 1636 532
369 225 1140
369 213 1149
369 2187 1199
369 3198 1461
369 32 1690
347 3402 151
347 3176 1461
891 304 709
891 184 1341
1412 573 598
1424 155 897
1424 852 1038
1785 834 173
1785 1078 1341
1785 367 1832
714 1981 532
714 127 709
714 7 1341
1513 562 173
1513 806 1341
1360 997 1587
48 2706 416
48 1866 1199
48 2877 1461
2110 2894 734
2110 1998 1955
2543 3412 45
2543 2175 217
2543 1274 897
2543 2206 1690
1374 535 598
1374 787 709
1906 3470 1450
1906 2084 1819
1906 446 1887
3292 2453 598
3292 1874 1832
2115 1408 1341
2115 2782 1521
2141 2397 986
2141 1997 1140
2141 723 1832
1851 900 173
1851 2188 246
1851 582 897
1851 451 1603
1851 433 1832
2656 9 876
2656 1552 915
2656 2500 1149
2656 2834 1819
600 456 1140
600 263 1690
2818 2025 226
712 3370 416
712 125 709
712 777 804
712 5 1341
964 257 1341
964 2528 1450
1220 427 226
1220 1132 998
1220 1578 1769
3115 2952 1466
3115 3293 1819
1888 2757 45
1888 1447 1176
1888 1181 1341
1888 2066 1819
1888 1776 1955
3095 3071 162
2683 399 66
2683 1844 598
2398 2735 246
2398 1294 915
2398 2576 1819
2398 938 1887
2476 3260 734
2476 2388 998
1439 1504 804
2212 2277 804
2212 2124 998
3264 14 167
1873 2210 246
1873 2657 734
1873 2304 962
1873 1166 1341
1873 2051 1819
19 2677 416
450 3279 1461
2424 3238 1214
2424 2087 1690
2424 2312 1955
3435 3067 217
269 3324 151
269 2927 416
269 334 804
283 3112 1461
1774 1147 1718
2632 348 66
2632 2969 246
2632 1793 598
2632 2888 986
2632 2544 998
2632 2990 1769
2632 1214 1832
2632 1172 1887
2236 2667 962
2236 2594 1769
1463 512 173
1463 2247 734
1463 1375 998
1463 2130 1521
2479 3348 45
2479 195 66
2479 1210 897
2479 2323 1149
2479 2116 1587
2479 2142 1690
1167 580 709
2925 278 876
2925 2298 1718
2925 2813 1955
2745 1691 21
2745 3082 246
1107 520 709
2455 1401 21
2455 2431 162
646 1077 962
646 483 1466
2017 1066 173
2017 3284 532
2017 1310 1341
2017 557 1887
2017 1905 1955
1900 1965 804
1900 796 915
1900 1193 1341
1900 2078 1819
1900 440 1887
1486 899 709
1486 859 1718
1464 410 21
1464 513 173
1464 730 722
2008 3275 532
2008 1421 709
2008 1645 1587
2838 2266 1038
2529 1736 226
2529 2960 962
2529 2441 998
2349 1295 21
2349 1762 709
2349 3133 734
2349 2186 1466
2349 931 1832
2349 2237 1955
2059 1472 709
2734 1465 897
111 2769 416
111 1929 1199
3116 469 876
3116 2953 1466
3116 3474 1769
2936 2097 598
2936 3114 1819
1340 547 226
1340 1252 998
1137 3214 864
1196 245 173
2714 67 876
2714 2892 1819
2361 2205 1149
2361 3175 1214
2361 961 1603
2361 901 1887
1842 1511 910
1842 1730 1955
2288 1234 21
2288 2264 162
2288 1495 226
2288 1701 709
2288 2466 1819
368 1635 532
1082 495 709
1082 2900 1199
1082 375 1341
1036 302 722
1036 3113 864
1036 2854 1199
1036 329 1341
1288 234 21
2659 12 876
2659 1555 915
1190 1446 986
1190 1046 1140
2542 3411 45
2542 1438 915
2542 2720 1819
2233 2145 998
2233 2070 1466
2233 2591 1769
2053 999 21
2053 1368 1054
457 2275 1199
457 3286 1461
3017 733 66
3017 1617 1603
3017 2905 1955
1841 890 173
1841 1473 217
1841 737 915
1841 2019 1819
1841 1729 1955
1411 824 709
1411 704 1341
2351 1297 21
2351 1666 1054
2351 3018 1521
2351 2709 1769
3161 3339 1819
3161 3049 1955
2902 3080 1819
2902 2790 1955
377 442 804
1606 3170 1450
1606 1494 1955
2258 1307 173
2258 2114 1140
2258 2436 1819
2258 840 1832
2258 2146 1955
924 836 998
2449 2807 1769
1621 1958 246
1621 221 1603
1752 292 1887
3007 3185 1819
3007 115 1829
793 59 722
793 2611 1199
793 86 1341
1856 1832 162
1856 1284 1038
1242 801 1176
473 3131 416
532 388 1140
532 376 1149
532 91 1176
1331 492 598
1331 744 709
1331 1396 804
1331 3149 1199
1522 571 173
1522 815 1341
1522 2189 1521
694 107 709
694 1478 734
270 3099 1461
1603 1459 1140
1603 203 1603
2619 2956 246
2619 1350 897
2619 2875 986
1285 698 709
1285 2069 734
2810 3147 246
2810 163 876
2810 1392 1832
1982 2238 986
1982 2340 1769
2410 1725 1054
2410 2768 1769
1927 467 1887
2732 2797 804
2732 2588 1140
1136 429 1341
1094 3171 864
837 250 709
837 130 1341
1967 1016 173
1967 1128 598
1967 1260 1341
1043 358 1054
896 2973 864
896 740 1149
896 189 1341
1542 1386 1149
1542 3106 1450
212 188 162
212 277 804
170 528 1769
1548 1613 804
1548 1804 986
1548 841 1341
1548 148 1603
214 3269 151
214 190 162
1228 494 722
1228 543 1054
1228 3046 1199
1228 521 1341
1228 1065 1466
2640 2977 246
2640 3424 734
1047 1023 162
1047 1384 246
1047 959 998
1047 362 1054
1047 2865 1199
1047 340 1341
1047 1405 1769
2670 23 876
2670 2339 910
2670 2926 986
2317 2382 804
2317 917 1603
2317 2495 1819
1179 2997 1199
1723 772 173
2553 2618 804
1897 1962 804
1788 3352 1450
1788 1161 1718
1788 370 1832
2310 1041 897
2310 2566 986
2310 1869 1176
2831 1880 173
2651 1917 722
1055 321 722
1055 2873 1199
1868 2226 1769
1248 1104 1140
1248 2062 1214
132 1950 1199
132 1696 1450
1484 897 709
1484 1549 804
1175 1959 734
2551 3420 45
2551 1151 1603
2551 1924 1718
2551 1133 1832
1782 831 173
1782 1195 709
1782 3346 1450
2912 3090 1819
1471 632 598
2463 2800 246
2463 3247 734
1341 287 21
1341 1699 1769
1602 2869 532
1602 1667 804
1602 333 897
1602 1271 910
1602 895 1341
1661 1089 1038
1661 2475 1214
2460 176 66
995 408 709
995 1662 1521
1768 1946 1819
1768 350 1832
775 412 1587
864 157 1341
1467 1304 1466
1467 1825 1769
1684 1660 162
2330 2242 998
1733 894 598
1733 315 1832
2255 2143 1955
3085 2246 598
3085 2754 910
3085 193 1829
2655 371 66
2655 2287 217
2655 8 876
2655 3469 1214
2655 2833 1819
1728 2995 532
1728 889 598
1728 310 1832
3016 3081 804
783 3441 416
783 627 1149
783 2601 1199
783 76 1341
1840 1399 1176
1840 2018 1819
2348 1761 709
2348 3132 734
2107 2444 246
1279 545 722
2052 2028 162
2052 1318 722
2052 2230 1819
2857 1803 21
2857 3194 246
1579 2363 734
2609 2674 804
1682 731 173
1682 1594 998
2970 2131 598
2970 3035 804
2970 3148 1819
2970 78 1829
2970 2858 1955
2545 3414 45
2545 2610 804
1948 2817 45
1948 1580 217
1948 3215 532
1948 2762 1214
2811 1757 21
2521 2879 1769
2852 568 66
2852 205 876
2852 3030 1819
2852 1434 1832
140 3195 151
140 477 246
140 2798 416
140 1704 1450
2456 1402 21
2456 1771 1054
1683 1659 162
1683 1939 986
2643 3427 734
2643 3310 1521
1387 653 722
1387 3205 1199
2450 1050 1603
2965 318 876
2965 3143 1819
1369 418 173
1369 662 1341
2675 2103 1038
1000 293 1341
1261 1598 246
1261 2825 1450
1320 2587 532
1891 1956 804
1891 3455 1450
2232 1178 21
636 2454 1199
636 3465 1461
541 797 986
541 385 1149
541 100 1176
541 1355 1214
2281 1488 226
2281 1694 709
2281 2459 1819
2281 2169 1955
2125 1418 1341
1871 2538 1521
3136 2509 1718
3136 3314 1819
3136 3024 1955
629 3458 1461
1686 2023 246
1686 1059 1718
1791 1204 709
1791 3355 1450
2437 153 66
2437 2106 910
2437 2693 986
3192 2824 217
3192 1923 897
3192 2855 1690
2703 1910 226
2703 56 876
2703 3134 962
2703 2540 1466
2413 2250 1466
2413 2771 1769
1938 884 21
2489 593 313
2489 2158 910
2489 1029 1887
2590 2948 1769
3400 3376 162
3400 150 167
3400 207 1372
3400 3288 1955
54 838 734
380 356 162
407 319 998
407 244 1466
407 1074 1521
407 765 1769
616 1883 532
2628 344 66
2628 732 313
2628 2297 910
807 719 998
807 122 1054
2369 2001 217
2369 2547 1819
3380 3445 804
926 1357 962
1983 1032 173
1983 2239 986
2137 1186 173
2137 1800 1690
3180 2446 722
2998 1944 21
2637 353 66
2637 2613 162
2637 2974 246
2637 3304 1521
663 3321 416
3001 109 1829
2723 2901 1819
2723 1263 1887
1652 945 1341
2642 2979 246
2642 3426 734
2642 3309 1521
1814 2598 734
1814 396 1832
968 2235 532
1197 246 173
1197 610 709
1403 452 173
1403 3221 1199
1403 696 1341
2421 2265 1149
1902 798 915
1902 484 1832
1784 366 1832
1784 1672 1955
2914 2075 598
1843 3110 532
1843 1687 1149
2608 2673 804
2608 2864 986
2608 2464 1140
2608 1208 1603
1492 92 1603
1470 763 1341
2014 3281 532
2014 1651 1587
2844 1893 173
2844 2909 804
2844 3100 986
1960 856 915
1960 1848 1955
1191 860 910
1191 1035 1149
1145 3222 864
1250 882 217
1250 3327 864
1250 623 1718
1896 1740 1149
1896 3460 1450
2342 58 66
2342 2773 962
2342 3009 1521
2162 2074 998
2162 1477 1054
2836 3014 1819
2168 2599 962
2168 750 1832
2755 471 66
2755 3422 1521
2343 1609 722
2343 3010 1521
2980 3158 1819
747 3405 416
747 160 709
747 40 1341
2185 3054 45
2185 1817 217
1416 147 897
1416 1272 1140
1416 709 1341
2546 3415 45
2546 1595 173
2546 3360 1214
1637 2068 962
1637 1995 1769
2387 1653 722
791 2868 864
1373 422 173
1373 3450 864
1373 3191 1199
39 3094 151
39 2697 416
1164 2982 1199
2122 1171 173
2122 2906 734
971 237 722
357 20 1690
1925 871 21
1925 2262 246
209 185 162
3403 3379 162
3385 135 167
3385 738 876
159 590 962
2616 2681 804
2616 1989 1718
762 175 709
762 55 1341
3297 47 167
3297 405 1829
3297 1879 1832
294 3349 151
294 3123 1461
1668 1081 709
1668 208 1887
637 50 709
637 1068 962
2372 2004 217
2372 1931 1176
2311 2376 804
2819 1765 21
1690 272 1832
601 233 217
601 3259 416
601 2678 864
601 264 1690
617 682 804
3233 2440 226
3233 3070 1466
487 3316 1461
2393 993 1603
1015 647 217
697 110 709
2222 2400 1819
1394 3471 864
1394 3212 1199
1822 2606 734
455 1239 734
1400 2184 734
2999 1945 21
2740 2918 1819
1963 563 1603
1194 622 1038
1194 1038 1149
2324 2661 246
1253 1109 1140
1253 626 1718
1302 715 709
2345 3129 734
2345 2776 962
2345 927 1832
3239 3076 1466
1643 589 21
1643 1480 1466
1106 519 709
2136 1185 173
2136 2201 804
1209 475 722
1573 986 709
1573 113 1887
1426 1491 804
2416 2847 962
742 35 1341
2044 1359 1054
814 227 709
814 1245 962
814 129 1054
3074 3139 804
3074 1805 897
3074 2930 1140
1202 251 173
1202 2469 532
3163 2429 722
1994 1309 1054
1994 1287 1341
1994 2172 1819
1994 1882 1955
1698 2482 734
1698 1013 1054
1698 1586 1955
3276 2945 910
2662 2294 217
2662 2506 1149
1056 893 1466
1221 536 1054
2581 2557 162
2581 3012 962
1753 2537 734
2503 2840 246
2213 813 1603
989 282 1341
3451 2612 598
1813 2597 734
2964 317 876
2964 3142 1819
2254 1150 915
341 3396 151
341 1008 1521
3244 1348 313
3244 352 1829
96 3151 151
1528 941 709
2227 2139 998
1442 708 722
2285 2197 998
2253 2109 1140
2253 835 1832
1988 2419 962
2465 3249 734
2465 2377 998
200 265 804
518 2336 1199
2867 2932 804
2867 3225 1769
3058 2219 598
915 328 709
2034 2010 162
2225 1432 226
569 825 986
2742 1688 21
2742 2170 1038
1566 773 226
1671 1527 1140
3072 788 66
2763 1709 21
1951 3218 532
1951 847 915
2881 1827 21
1679 1655 162
1870 2207 246
3178 1760 1832
779 411 217
779 3437 416
779 2856 864
779 72 1341
1371 420 173
1371 3189 1199
424 3253 1461
1254 2123 45
1254 303 173
2666 2522 1140
2666 2510 1149
2666 3480 1214
2666 2039 1718
141 478 246
778 3436 416
778 2045 532
778 441 1690
1160 2978 1199
1244 657 709
1244 803 1176
2984 3240 986
2984 3162 1819
2725 2284 1176
2269 1535 722
602 15 709
602 161 1176
3177 2443 722
2164 2140 162
1867 2204 246
1867 1182 1054
1971 1947 162
1971 1020 173
1206 413 226
1206 472 722
1206 3283 864
1265 3342 864
1265 693 1038
1911 1976 804
1911 642 897
1911 511 1603
1314 3391 864
1292 1650 1769
199 3254 151
199 3028 1461
2313 2378 804
822 88 722
755 168 709
1462 1820 1769
232 69 1466
2492 1541 173
2853 3109 986
2428 2493 804
1831 2645 1214
1831 1124 1341
2874 2850 162
2404 2835 962
988 254 722
2513 2871 1769
2113 2897 734
1550 599 173
3296 1878 1832
143 119 162
143 480 246
1158 2976 1199
2096 1362 722
2283 1229 21
3241 3078 1466
1027 1003 162
1837 3401 1450
2644 3075 962
2644 3311 1521
1388 1057 910
2161 2498 246
2161 701 1887
1328 2595 532
1328 594 722
2676 3013 246
2032 614 1832
1435 1291 1140
1756 1022 722
3374 3439 804
2885 3243 1769
2885 3063 1819
2182 2849 1521
2987 3165 1819
2987 95 1829
3023 3201 1819
3023 131 1829
3023 2911 1955
531 90 1176
811 126 1054
811 104 1341
3384 2812 1038
1708 290 1832
2653 3084 962
2394 2572 1819
164 3219 151
164 501 246
164 2993 1461
2117 1530 709
2704 3371 1521
1255 3073 1199
2406 2584 1819
2214 1627 709
2752 2728 162
2752 3089 246
2752 105 876
1062 355 1341
2111 2895 734
2111 2778 1521
437 3266 1461
2996 2972 162
2996 3333 246
2641 3308 1521
3446 253 1372
1200 2467 532
1200 869 910
1200 1044 1149
2718 2896 1819
2112 2779 1521
2620 2596 162
2355 3022 1521
2355 2713 1769
567 479 998
2968 3033 804
1792 953 598
1792 1205 709
2696 3127 962
2696 3363 1521
1231 644 709
1231 524 1341
2989 3326 246
2220 1633 709
1915 1122 226
970 236 722
970 3047 864
219 650 962
1466 673 226
3224 3200 162
2671 24 876
3053 3231 1819
309 3364 151
2579 1845 722
2320 1051 897
1876 2660 734
1864 464 1603
1313 3390 864
1393 3211 1199
1759 920 598
1759 1025 722
1759 1052 1341
3467 3443 162
2582 1631 173
2582 2919 246
476 3305 1461
728 3386 416
3392 3368 162
3392 3457 804
3392 3280 1955
978 2796 1199
3375 3440 804
3375 182 1372
1345 506 598
300 144 1149
810 722 998
3069 2442 1718
544 2621 864
1110 403 1341
1012 868 1140
3101 3438 246
2261 2326 804
565 3223 416
565 3394 1461
1678 944 722
1678 260 1832
1207 414 226
2030 2006 162
2030 761 897
3431 2859 1038
1247 879 217
579 3408 1461
855 767 998
409 1076 1521
1218 267 173
1218 533 1054
1383 2947 1450
2743 459 66
2331 2243 998
2665 3479 1214
3003 3361 1769
1978 1954 162
197 262 804
687 3345 416
311 3366 151
3434 2862 1038
3298 3476 1819
228 2886 416
228 3057 1461
222 3277 151
222 2880 416
1835 3399 1450
1619 3183 1450
3137 3025 1955
2784 2962 1819
3020 128 1829
3020 2908 1955
398 3056 416
1286 1123 1466
1763 1176 709
2748 101 876
2486 3300 1214
1772 3039 532
2630 2299 910
2256 987 897
2617 2461 1149
2638 2614 162
2789 142 876
2195 2260 804
52 2710 416
1545 145 1603
2350 1296 21
2751 2929 1819
226 63 1466
2434 3303 45
2370 2626 986
2370 3184 1214
1773 3337 1450
1312 2181 45
1312 361 173
1361 774 709
1278 327 173
1278 691 709
1429 842 709
2861 2837 162
2861 965 313
2602 3416 1214
2021 2890 45
2021 1070 173
210 3265 151
210 186 162
1558 851 1341
668 81 709
1892 1561 910
1425 156 897
1118 384 722
2165 2832 1521
534 378 1149
641 3299 416
1337 3155 1199
2211 2548 246
2251 1544 1341
496 3154 416
3320 3208 1955
432 3261 1461
2967 3145 1819
2967 75 1829
2550 3419 45
2550 2615 804
1216 162 21
2341 57 66
2329 2687 1769
3004 3362 1769
3430 3093 1690
1961 2830 45
387 3216 1461
2470 2828 1769
196 3251 151
3220 3196 162
3220 3285 804
3220 2593 1718
2994 102 1829
523 3181 416
1420 151 897
1420 713 1341
821 136 1054
821 658 1466
173 10 1466
2578 2915 246
2578 3245 1521
1335 3153 1199
818 231 709
818 133 1054
2173 1119 21
3111 3289 1819
1177 470 1341
2756 3423 1521
1554 1810 986
782 2600 1199
89 154 804
3428 3091 1690
3060 1642 1832
2433 3302 45
2624 2961 246
918 331 709
2309 25 66
240 2898 416
2391 2749 1769
1638 2422 734
2903 11 1829
2474 3258 734
2157 1423 722
2589 3256 1521
826 239 709
3187 3365 1819
224 61 1466
1881 1174 1341
1430 30 1603
2793 146 876
2793 2971 1819
1240 1305 804
1198 247 173
1198 359 598
946 1011 804
2401 117 66
805 71 722
805 98 1341
2799 152 876
540 3369 1461
2527 2958 962
1293 706 709
299 3128 1461
2318 34 66
379 716 246
1353 514 598
3087 3152 804
1829 3393 1450
3397 3373 162
3021 3199 1819
1300 3377 864
2699 3036 246
603 16 709
794 770 162
794 60 722
201 177 162
1746 2002 986
1608 339 897
1932 2716 734
1037 330 1341
1343 504 598
2983 2652 910
2622 2959 246
1912 643 897
1079 3156 864
363 26 1690
1140 3217 864
1346 507 598
2414 2592 1819
1004 417 709
1004 297 1341
1212 1188 162
3407 3383 162
789 3447 416
768 181 709
2705 3372 1521
3103 3461 1769
3433 183 167
3433 2992 1176
3318 426 1829
771 64 1341
2344 2775 962
2684 3042 1769
830 123 1341
2099 1365 722
685 3343 416
809 124 1054
166 3 1466
3449 3425 162
2777 2955 1819
1276 591 1054
3382 3226 1149
3444 3332 1955
2700 3367 1521
2519 2950 962
2519 3186 1521
393 3448 151
735 1 722
138 3193 151
577 3406 1461
2975 3040 804
3387 3452 804
720 3378 416
720 13 1341
948 241 1341
184 28 1149
806 3464 416
535 94 1176
723 3381 416
1181 474 1341
1776 3340 1450
2051 633 1832
3279 29 167
334 3389 151
2969 3034 804
1214 3291 864
483 3141 416
483 3312 1461
730 3388 416
1252 301 173
2591 2949 1769
1392 3210 1199
1016 648 217
340 3395 151
1549 149 1603
193 3248 151
3414 522 1829
653 66 709
2454 2791 246
1059 325 722
1029 295 722
3010 3188 1819
1595 3159 1450
405 242 1466
1239 652 709
251 3306 151
708 121 709
2207 2183 162
3280 3168 1955
2006 1299 1341
142 118 162
378 354 162
514 1298 734
643 3301 416
